1.000000000 0.000000000 0.000000000 0.000000000 0.000000000 1.000000000 0.000000000 0.000000000 0.000000000 0.000000000 1.000000000 0.000000000
0.999979079 0.000357386 -0.006460115 -0.008049103 -0.000354967 0.999999881 0.000375623 -0.001582265 0.006460248 -0.000373322 0.999979079 0.091231808
0.999907017 0.000937425 -0.013604372 -0.015837654 -0.000935806 0.999999583 0.000125316 -0.001465268 0.013604484 -0.000112573 0.999907434 0.187861174
0.999772727 0.001383153 -0.021274259 -0.026078828 -0.001395901 0.999998868 -0.000584397 -0.001960325 0.021273427 0.000613960 0.999773502 0.285562694
0.999542117 0.001744589 -0.030207157 -0.043102480 -0.001805304 0.999996424 -0.001982772 -0.002050844 0.030203588 0.002036397 0.999541700 0.389389127
0.999126911 0.001977345 -0.041731581 -0.059530459 -0.002121587 0.999991953 -0.003412402 -0.005317144 0.041724496 0.003497960 0.999123037 0.501690209
0.998463929 0.001526857 -0.055384386 -0.079270847 -0.001744747 0.999990940 -0.003886015 -0.010771414 0.055377949 0.003976678 0.998457551 0.625179946
0.997426927 0.001817164 -0.071667530 -0.108499125 -0.002140120 0.999987900 -0.004429782 -0.004423440 0.071658611 0.004571761 0.997418761 0.760383844
0.995902836 0.000312991 -0.090429246 -0.134898782 -0.000696638 0.999990880 -0.004210971 -0.008722575 0.090427101 0.004256714 0.995893955 0.916140735
0.993912876 -0.000677995 -0.110166833 -0.176663831 0.000197131 0.999990404 -0.004375705 -0.012542258 0.110168748 0.004327353 0.993903458 1.076552153
0.991237700 -0.001146618 -0.132085353 -0.227211967 0.000524980 0.999988616 -0.004741057 -0.015369575 0.132089287 0.004630173 0.991227031 1.238367081
0.987711966 0.002926769 -0.156257406 -0.272280127 -0.003914811 0.999974191 -0.006015799 -0.019458456 0.156235784 0.006553596 0.987698019 1.395738482
0.983342528 0.007052075 -0.181625456 -0.337738693 -0.008538540 0.999936104 -0.007403609 -0.025597095 0.181561619 0.008831099 0.983339906 1.569975376
0.977956593 0.010091661 -0.208564460 -0.410079092 -0.012105670 0.999891639 -0.008382310 -0.030066662 0.208457261 0.010722347 0.977972686 1.749172926
0.971252441 0.010526958 -0.237819061 -0.490341961 -0.012960306 0.999878466 -0.008670666 -0.031231314 0.237698838 0.011503614 0.971270800 1.937567949
0.963208079 0.012550340 -0.268463701 -0.578747630 -0.015306722 0.999849439 -0.008176544 -0.034061268 0.268320650 0.011985011 0.963255048 2.129597902
0.953703940 0.014253519 -0.300409138 -0.675171196 -0.017229671 0.999825239 -0.007260017 -0.036073957 0.300253123 0.012099857 0.953782797 2.319915533
0.942493558 0.016547132 -0.333814770 -0.764550149 -0.019627687 0.999790192 -0.005857448 -0.042039707 0.333647907 0.012072618 0.942620456 2.490050316
0.929947555 0.018745305 -0.367214113 -0.872494698 -0.022191880 0.999740422 -0.005165489 -0.046695244 0.367022008 0.012952805 0.930122137 2.674946785
0.916027069 0.021601828 -0.400534213 -0.991584957 -0.025617363 0.999660790 -0.004672996 -0.045290396 0.400297493 0.014541222 0.916269958 2.857178688
0.899921894 0.021935426 -0.435499012 -1.110417247 -0.026269859 0.999647081 -0.003933732 -0.045632500 0.435259074 0.014980551 0.900180638 3.035471916
0.881455839 0.017315751 -0.471948862 -1.240149379 -0.022131423 0.999744236 -0.004654216 -0.044213079 0.471747577 0.014547389 0.881613672 3.224511623
0.860493243 0.013309303 -0.509288013 -1.376430511 -0.018235926 0.999822676 -0.004682902 -0.053386286 0.509135306 0.013316941 0.860583544 3.389502287
0.835358322 0.014783498 -0.549506843 -1.534098864 -0.018744638 0.999823034 -0.001597085 -0.055583771 0.549386024 0.011634445 0.835487723 3.568767309
0.806275070 0.020306978 -0.591191947 -1.715497136 -0.023314768 0.999724984 0.002542782 -0.062712282 0.591081142 0.011733325 0.806526840 3.734767914
0.773760915 0.023593495 -0.633038163 -1.915616751 -0.026847335 0.999629736 0.004441026 -0.065227531 0.632908642 0.013559096 0.774107814 3.908300638
0.737993717 0.022638917 -0.674427748 -2.128772736 -0.025955748 0.999649763 0.005153716 -0.066289753 0.674308300 0.013701867 0.738322854 4.073458195
0.697885513 0.018264225 -0.715976298 -2.345486641 -0.019872149 0.999783695 0.006133982 -0.064490318 0.715933442 0.009947172 0.698097527 4.242882729
0.655142486 0.014399125 -0.755367994 -2.584631920 -0.014501574 0.999873877 0.006482546 -0.060151719 0.755366027 0.006707033 0.655268669 4.403663158
0.610895336 0.013966466 -0.791588187 -2.840991974 -0.011756795 0.999894142 0.008568619 -0.061911419 0.791624069 0.004072009 0.610994875 4.541560650
0.562276006 0.014768423 -0.826817691 -3.120117903 -0.009416229 0.999890089 0.011456307 -0.061210644 0.826896071 0.001343899 0.562353194 4.685864449
0.511814833 0.015044095 -0.858964086 -3.416624069 -0.007780621 0.999886870 0.012876156 -0.053213000 0.859060585 0.000093065 0.511873960 4.802457333
0.459764689 0.016424377 -0.887888849 -3.720923424 -0.007359196 0.999865115 0.014685015 -0.045890875 0.888010263 -0.000217503 0.459823459 4.895734310
0.405061543 0.018648613 -0.914099216 -4.052920341 -0.006120737 0.999824882 0.017685248 -0.043274794 0.914268970 -0.001568653 0.405104667 4.992795944
0.349648654 0.020608209 -0.936654270 -4.407847881 -0.005906730 0.999786675 0.019792292 -0.036529575 0.936862350 -0.001387785 0.349695802 5.077059269
0.294430792 0.023633672 -0.955380559 -4.785133839 -0.004085480 0.999716222 0.023471352 -0.029253719 0.955664098 -0.003007500 0.294443786 5.148795128
0.240537122 0.025557172 -0.970303416 -5.132989883 0.001923784 0.999638796 0.026806749 -0.036476482 0.970638037 -0.008314672 0.240401044 5.210676193
0.189596415 0.026040949 -0.981516659 -5.521247387 0.004155270 0.999618053 0.027323859 -0.032271646 0.981853306 -0.009258973 0.189415768 5.245609760
0.142113373 0.027072953 -0.989480078 -5.930864811 0.001503349 0.999618828 0.027566275 -0.024895053 0.989849269 -0.005405071 0.142018497 5.263761044
0.099689022 0.027599219 -0.994635761 -6.355288982 -0.000648967 0.999616742 0.027672390 -0.016099608 0.995018423 -0.002113147 0.099668711 5.264560223
0.061880980 0.025885614 -0.997747779 -6.799761295 -0.000756785 0.999664545 0.025888406 -0.007304672 0.998083234 -0.000846919 0.061879806 5.262609482
0.027574198 0.022978274 -0.999355555 -7.260937691 -0.000380058 0.999735951 0.022976531 0.002167191 0.999619663 -0.000253746 0.027575642 5.246986389
-0.003686228 0.020413779 -0.999784827 -7.739870071 0.000088411 0.999791622 0.020413592 0.006411546 0.999993145 -0.000013143 -0.003687260 5.220789909
-0.030536251 0.018709846 -0.999358416 -8.222237587 -0.000111962 0.999824703 0.018721994 0.011648015 0.999533594 0.000683589 -0.030528802 5.186961651
-0.051197398 0.016159294 -0.998557746 -8.730337143 -0.001256717 0.999867141 0.016244920 0.023035215 0.998687804 0.002086602 -0.051170301 5.139427662
-0.067477874 0.015347451 -0.997602642 -9.247014046 -0.001037723 0.999880016 0.015452679 0.032640859 0.997720301 0.002077949 -0.067453869 5.089789867
-0.080615312 0.015603136 -0.996623158 -9.792375565 0.000520119 0.999877989 0.015612023 0.043075867 0.996745050 0.000740205 -0.080613576 5.038703918
-0.090148389 0.016844572 -0.995785892 -10.344126701 0.000413426 0.999857485 0.016876018 0.048576955 0.995928228 0.001109662 -0.090142503 4.978617191
-0.097050235 0.018316200 -0.995110929 -10.911943436 -0.002095636 0.999824584 0.018607344 0.044363651 0.995277166 0.003891238 -0.096994840 4.915128231
-0.101461917 0.019121129 -0.994655609 -11.506756783 -0.001878650 0.999809921 0.019411845 0.052551236 0.994837642 0.003838173 -0.101406701 4.847961426
-0.102768682 0.019728649 -0.994509578 -12.112902641 0.000047331 0.999803424 0.019828770 0.063904934 0.994705319 0.001990706 -0.102749415 4.780519009
-0.101529643 0.021906637 -0.994591296 -12.730154991 0.001939325 0.999760032 0.021822508 0.070885181 0.994830608 0.000286796 -0.101547755 4.715726376
-0.099914327 0.024441034 -0.994695783 -13.370429039 0.001424033 0.999700725 0.024420971 0.075529180 0.994994998 0.001023525 -0.099919237 4.647351742
-0.098442085 0.024495123 -0.994841158 -14.028505325 -0.000368583 0.999696016 0.024651129 0.080965087 0.995142639 0.002793390 -0.098403133 4.578251839
-0.096947044 0.022019751 -0.995045841 -14.695479393 -0.002006325 0.999748766 0.022319300 0.090327084 0.995287538 0.004160176 -0.096878506 4.512376308
-0.095572628 0.021832872 -0.995182991 -15.375906944 -0.002079816 0.999752820 0.022132866 0.104754373 0.995420277 0.004185093 -0.095503598 4.444368839
-0.093645521 0.024620466 -0.995301127 -16.081258774 -0.003021162 0.999682486 0.025013104 0.112727717 0.995600998 0.005349331 -0.093541406 4.370280266
-0.092074379 0.028184349 -0.995353162 -16.787178040 -0.003418082 0.999584496 0.028620349 0.122016475 0.995746255 0.006037399 -0.091939770 4.309617519
-0.090272024 0.030060962 -0.995463371 -17.515415192 -0.003710394 0.999527216 0.030520152 0.133296922 0.995910227 0.006448677 -0.090117805 4.238881111
-0.088414900 0.029388376 -0.995650113 -18.255205154 -0.005274939 0.999536812 0.029971521 0.146920964 0.996069670 0.007901923 -0.088218927 4.166038990
-0.086796992 0.026028197 -0.995885909 -19.012100220 -0.007827595 0.999609947 0.026807746 0.166879743 0.996195316 0.010122224 -0.086559400 4.090880394
-0.085232787 0.025314102 -0.996039391 -19.796518326 -0.008444224 0.999622941 0.026127759 0.182228327 0.996325254 0.010637724 -0.084986888 4.018826485
-0.083922118 0.028062114 -0.996077120 -20.561452866 -0.006056275 0.999570549 0.028670786 0.192108467 0.996453881 0.008438631 -0.083716132 3.963360548
-0.082829371 0.030255778 -0.996104360 -21.352153778 -0.003993713 0.999520957 0.030691639 0.204027280 0.996555805 0.006520324 -0.082668856 3.897613525
-0.081529111 0.032079611 -0.996154606 -22.150571823 -0.003098722 0.999468923 0.032439951 0.214968413 0.996666193 0.005731606 -0.081386410 3.830729723
-0.080752365 0.027557945 -0.996353149 -22.951658249 -0.002800696 0.999607563 0.027874941 0.224600896 0.996730268 0.005041450 -0.080643483 3.756946564
-0.080609292 0.020450942 -0.996536016 -23.755819321 -0.001914967 0.999784529 0.020672509 0.234362647 0.996743917 0.003574730 -0.080552764 3.693388462
-0.080693059 0.016170362 -0.996607900 -24.587505341 0.001929527 0.999869108 0.016067049 0.241983190 0.996737063 -0.000626482 -0.080713712 3.624561548
-0.081180245 0.016564323 -0.996561885 -25.419687271 0.003114044 0.999861240 0.016365496 0.255779147 0.996694565 -0.001774782 -0.081220567 3.557364702
-0.080927752 0.024348605 -0.996422648 -26.247018814 0.002551284 0.999703407 0.024221564 0.257539034 0.996716797 -0.000581960 -0.080965862 3.478637218
-0.081745170 0.031347983 -0.996160209 -27.115077972 0.000915415 0.999507189 0.031378187 0.268422842 0.996652901 0.001653115 -0.081733562 3.409803629
-0.081874147 0.036835715 -0.995961726 -27.945110321 -0.001068188 0.999312937 0.037047483 0.277449906 0.996642053 0.004097105 -0.081778556 3.329425812
-0.082279995 0.037143044 -0.995916843 -28.788757324 -0.002957588 0.999291778 0.037513267 0.289536089 0.996604860 0.006032103 -0.082111865 3.253457546
-0.082505763 0.033453431 -0.996029019 -29.629659653 -0.003113317 0.999422908 0.033825319 0.306395322 0.996585727 0.005891737 -0.082354002 3.174304247
-0.082507007 0.030877842 -0.996112049 -30.461297989 -0.003330074 0.999505758 0.031258877 0.321493477 0.996584952 0.005896203 -0.082363397 3.095781803
-0.082720213 0.032219544 -0.996051848 -31.306123734 -0.004481617 0.999455094 0.032701831 0.335583180 0.996562719 0.007169026 -0.082530744 3.012933731
-0.082891844 0.034194674 -0.995971739 -32.147403717 -0.005428229 0.999380827 0.034763500 0.348496765 0.996543765 0.008287973 -0.082654901 2.942855835
-0.082528502 0.033047568 -0.996040642 -32.975246429 -0.006462344 0.999411285 0.033694852 0.356221765 0.996567786 0.009217543 -0.082266368 2.863033533
-0.082349956 0.027937762 -0.996211827 -33.801635742 -0.007012176 0.999566019 0.028611476 0.368205190 0.996578813 0.009341766 -0.082118303 2.793605328
-0.081937745 0.023647854 -0.996356964 -34.636333466 -0.008437165 0.999666154 0.024420250 0.382456928 0.996601760 0.010407366 -0.081710860 2.711083174
-0.081536628 0.024479307 -0.996369779 -35.458938599 -0.008221832 0.999647796 0.025232667 0.386221707 0.996636450 0.010249370 -0.081306651 2.644745350
-0.080931745 0.026946370 -0.996355295 -36.288917542 -0.006874762 0.999595642 0.027592421 0.393555760 0.996695936 0.009082808 -0.080713779 2.574551821
-0.080210909 0.031998541 -0.996264100 -37.138984680 -0.006438617 0.999447048 0.032619160 0.404292524 0.996757090 0.009030976 -0.079960540 2.492396116
-0.079878919 0.037694700 -0.996091545 -37.962436676 -0.006244956 0.999246180 0.038314879 0.416322291 0.996784985 0.009281098 -0.079583310 2.434576750
-0.079720773 0.040853556 -0.995979726 -38.814754486 -0.006554126 0.999116838 0.041506842 0.431145072 0.996795654 0.009836734 -0.079382598 2.349462271
-0.079318091 0.040828109 -0.996012926 -39.651031494 -0.005551587 0.999127388 0.041397877 0.453289360 0.996833861 0.008813053 -0.079022206 2.276036024
-0.079266511 0.036421746 -0.996187806 -40.466293335 -0.006189918 0.999295056 0.037027884 0.470114142 0.996834278 0.009101390 -0.078985184 2.211269855
-0.078798950 0.032031320 -0.996375799 -41.295063019 -0.007155879 0.999439716 0.032695752 0.485375434 0.996864796 0.009706335 -0.078525603 2.134415388
-0.078506649 0.029423732 -0.996479273 -42.111381531 -0.011669777 0.999468744 0.030431397 0.493479133 0.996845305 0.014017757 -0.078121588 2.055533409
-0.079037406 0.027627679 -0.996488750 -42.943317413 -0.014280267 0.999481916 0.028843323 0.507103264 0.996769369 0.016509825 -0.078601934 1.975912452
-0.080010511 0.025820462 -0.996459484 -43.752212524 -0.012044798 0.999566376 0.026868101 0.512328207 0.996721268 0.014151884 -0.079664819 1.920145869
-0.081182905 0.021904692 -0.996458471 -44.582157135 -0.008421759 0.999707639 0.022662252 0.523798585 0.996663690 0.010231718 -0.080974698 1.854420185
-0.081565864 0.020598168 -0.996454954 -45.405143738 -0.004266185 0.999769986 0.021015905 0.530325532 0.996658862 0.005965242 -0.081459232 1.778613925
-0.083759964 0.024336403 -0.996188641 -46.227981567 -0.004125917 0.999684691 0.024768714 0.531497419 0.996477425 0.006184819 -0.083633162 1.708960891
-0.085470572 0.030463448 -0.995874763 -47.050308228 -0.001628058 0.999526799 0.030714886 0.539250612 0.996339321 0.004246561 -0.085380547 1.635425568
-0.087193094 0.034438390 -0.995595932 -47.856628418 0.000129514 0.999402642 0.034558721 0.546275914 0.996191442 0.002884339 -0.087145478 1.562079310
-0.088508524 0.033608988 -0.995508254 -48.654930115 0.000214617 0.999431193 0.033722356 0.553127527 0.996075392 0.002771063 -0.088465385 1.485864043
-0.089291789 0.029497446 -0.995568633 -49.454216003 -0.003214965 0.999547541 0.029903693 0.564215302 0.996000409 0.005870873 -0.089156553 1.400320053
-0.090363532 0.025709338 -0.995576918 -50.246849060 -0.008005388 0.999615729 0.026540250 0.573364019 0.995876610 0.010368249 -0.090122975 1.312702179
-0.091895126 0.024572602 -0.995465457 -51.034542084 -0.012084533 0.999594450 0.025790093 0.579648793 0.995695412 0.014399718 -0.091560870 1.228967071
-0.092940688 0.025677856 -0.995340466 -51.825542450 -0.013572323 0.999541819 0.027053570 0.585817397 0.995579123 0.016023463 -0.092549600 1.149177313
-0.094016127 0.027485117 -0.995191216 -52.613491058 -0.013540193 0.999491096 0.028883019 0.592091918 0.995478630 0.016190553 -0.093596131 1.070724010
-0.094926611 0.026812648 -0.995123088 -53.394226074 -0.015106601 0.999483287 0.028371176 0.600009799 0.995369673 0.017726112 -0.094472535 0.989480495
-0.095392831 0.026712466 -0.995081246 -54.171192169 -0.015910503 0.999471247 0.028355567 0.607588530 0.995312572 0.018537160 -0.094917402 0.907523453
-0.095904067 0.028411649 -0.994985044 -54.947483063 -0.014156193 0.999452531 0.029903699 0.616711736 0.995289922 0.016953088 -0.095449366 0.829949498
-0.096105002 0.031229123 -0.994881213 -55.714832306 -0.013627343 0.999372721 0.032686509 0.628896654 0.995278001 0.016698923 -0.095619157 0.755752921
-0.096439101 0.035533272 -0.994704366 -56.495895386 -0.013254860 0.999228060 0.036979958 0.636983931 0.995250642 0.016750982 -0.095893666 0.673242927
-0.097001895 0.037595235 -0.994573891 -57.259231567 -0.013355654 0.999147117 0.039070699 0.650751829 0.995194614 0.017073117 -0.096417069 0.597189188
-0.097760424 0.037580039 -0.994500220 -58.010440826 -0.012950011 0.999154150 0.039028894 0.661829054 0.995125711 0.016694270 -0.097191051 0.520589948
-0.097907200 0.035659879 -0.994556487 -58.749450684 -0.012141680 0.999240637 0.037023094 0.672018528 0.995121479 0.015700417 -0.097399876 0.445259303
-0.097940929 0.031930778 -0.994679809 -59.482963562 -0.011946885 0.999375343 0.033257861 0.685578644 0.995120525 0.015140634 -0.097498268 0.367310703
-0.097705841 0.029167738 -0.994787812 -60.213508606 -0.012663444 0.999453008 0.030548301 0.693864882 0.995134771 0.015582186 -0.097283036 0.285986423
-0.096597381 0.026977068 -0.994957864 -60.917160034 -0.013030768 0.999512672 0.028365681 0.702268839 0.995238245 0.015705116 -0.096198775 0.216476932
-0.094387941 0.025989059 -0.995196164 -61.611354828 -0.015633272 0.999497235 0.027584093 0.708197236 0.995412707 0.018161777 -0.093934186 0.143439353
-0.089904867 0.026944773 -0.995585799 -62.303852081 -0.015953634 0.999466777 0.028490478 0.712073565 0.995822608 0.018444642 -0.089427054 0.074328803
-0.084271505 0.028697966 -0.996029437 -62.950004578 -0.015449559 0.999427378 0.030103013 0.715070784 0.996323109 0.017925043 -0.083779871 0.024876021
-0.077140369 0.030221313 -0.996562064 -63.602863312 -0.014406030 0.999402344 0.031422567 0.721288681 0.996916175 0.016780453 -0.076658905 -0.024013098
-0.068370596 0.031511661 -0.997162223 -64.239463806 -0.015572966 0.999345601 0.032648422 0.726597667 0.997538447 0.017760966 -0.067835115 -0.067961007
-0.056340039 0.033219684 -0.997858882 -64.867156982 -0.017583454 0.999258280 0.034259051 0.734892190 0.998256803 0.019475959 -0.055714142 -0.110361718
-0.041477229 0.034718636 -0.998536170 -65.469329834 -0.020765070 0.999150217 0.035602529 0.742214859 0.998923659 0.022211364 -0.040721051 -0.135692313
-0.022922430 0.036104981 -0.999085128 -66.062751770 -0.021874452 0.999090254 0.036607042 0.748943508 0.999498010 0.022693556 -0.022111809 -0.146274105
-0.000797354 0.036958527 -0.999316514 -66.599899292 -0.023243492 0.999046147 0.036967073 0.756880283 0.999729514 0.023257080 0.000062452 -0.138068631
0.024972884 0.037449867 -0.998986542 -67.145553589 -0.022670412 0.999062359 0.036885988 0.762833357 0.999431074 0.021726286 0.025798472 -0.112511247
0.054270193 0.036655392 -0.997853279 -67.666664124 -0.021330563 0.999140501 0.035542566 0.775352836 0.998298407 0.019355873 0.055005427 -0.062256359
0.088293388 0.036611252 -0.995421469 -68.172187805 -0.020021683 0.999187648 0.034973852 0.780423224 0.995893300 0.016842052 0.088954680 0.004590102
0.125530034 0.036618724 -0.991413772 -68.643165588 -0.019435247 0.999217629 0.034446117 0.788826525 0.991899490 0.014944352 0.126143515 0.097696394
0.166935802 0.036914319 -0.985276520 -69.088562012 -0.019846845 0.999222159 0.034074150 0.788783848 0.985768080 0.013866437 0.167538583 0.183210000
0.212374941 0.038074784 -0.976446211 -69.479110718 -0.018588511 0.999217153 0.034919750 0.784079075 0.977011442 0.010734602 0.212916479 0.280963421
0.261284471 0.036579739 -0.964568496 -69.919456482 -0.015487555 0.999311924 0.033702020 0.789815903 0.965137661 0.006132993 0.261671215 0.426376492
0.311068356 0.032064810 -0.949846506 -70.328308105 -0.008223780 0.999484062 0.031047242 0.784608781 0.950351954 -0.001846487 0.311171561 0.610010922
0.361992002 0.026515109 -0.931804061 -70.724624634 -0.002915579 0.999622703 0.027312277 0.790928304 0.932176709 -0.007170076 0.361932725 0.810420692
0.413948238 0.021937083 -0.910036027 -71.101242065 0.002236894 0.999682009 0.025115563 0.792200208 0.910297632 -0.012432199 0.413767546 1.028971076
0.464899868 0.021185894 -0.885109723 -71.481147766 0.002344908 0.999680638 0.025159905 0.801509082 0.885360122 -0.013772339 0.464701772 1.267341852
0.513284147 0.020134941 -0.857982397 -71.832557678 0.002903648 0.999678254 0.025197322 0.811371982 0.858213663 -0.015424668 0.513060749 1.508954644
0.558698118 0.015185071 -0.829232037 -72.184082031 0.010909634 0.999611318 0.025655493 0.822889984 0.829299331 -0.023380296 0.558315277 1.792405248
0.602281690 0.008713873 -0.798236012 -72.500808716 0.021213355 0.999412537 0.026915809 0.823948979 0.798001647 -0.033144169 0.601743102 2.099048853
0.644670486 0.003038281 -0.764454424 -72.814384460 0.023009734 0.999461949 0.023376593 0.833938241 0.764114201 -0.032660101 0.644253612 2.414031506
0.685504198 -0.001988538 -0.728065908 -73.105407715 0.020674657 0.999646127 0.016735749 0.836660028 0.727775037 -0.026524941 0.685302794 2.736875296
0.726515770 -0.006474167 -0.687119246 -73.371810913 0.014944522 0.999867976 0.006380436 0.826246262 0.686987221 -0.014904154 0.726516604 3.050181389
0.765683055 -0.009063767 -0.643154025 -73.642730713 0.010192282 0.999946058 -0.001957885 0.830795288 0.643137157 -0.005056088 0.765734255 3.418732166
0.802685261 -0.010396512 -0.596312106 -73.908973694 0.008997723 0.999945402 -0.005322055 0.836721003 0.596334875 -0.001093515 0.802734971 3.818174601
0.836580217 -0.011645053 -0.547720551 -74.151489258 0.009474337 0.999932051 -0.006788531 0.831373334 0.547762454 0.000489861 0.836633682 4.248108387
0.867165565 -0.009893191 -0.497921765 -74.388290405 0.006285586 0.999940395 -0.008920997 0.821682096 0.497980297 0.004606250 0.867176116 4.698930740
0.893037558 -0.008477335 -0.449902296 -74.597648621 0.005690939 0.999955416 -0.007545493 0.811523139 0.449946135 0.004178041 0.893045902 5.177187920
0.913937986 -0.002498051 -0.405846268 -74.786987305 -0.000112825 0.999979436 -0.006409115 0.800826311 0.405853927 0.005903322 0.913918972 5.673582077
0.931376874 0.001997371 -0.364050955 -74.972305298 -0.005313279 0.999953032 -0.008107076 0.794652700 0.364017636 0.009485045 0.931343794 6.188775063
0.944849610 0.007342713 -0.327422261 -75.157791138 -0.010115778 0.999925852 -0.006767162 0.788774550 0.327348322 0.009706080 0.944853902 6.725043297
0.954692483 0.007841680 -0.297490805 -75.313293457 -0.009758229 0.999940157 -0.004957794 0.779440224 0.297434121 0.007636152 0.954711795 7.293025970
0.961965322 0.007205168 -0.273076922 -75.465118408 -0.008451752 0.999958515 -0.003388873 0.769449115 0.273041159 0.005567958 0.961986244 7.873844624
0.967664182 0.007357498 -0.252134770 -75.604743958 -0.007982486 0.999967098 -0.001456009 0.761295557 0.252115756 0.003421590 0.967691064 8.478199959
0.972371042 0.010086054 -0.233222649 -75.769157410 -0.010125021 0.999948204 0.001030154 0.758937240 0.233220965 0.001359692 0.972422779 9.104764938
0.975918889 0.014837428 -0.217628598 -75.916397095 -0.014658302 0.999889612 0.002437531 0.756427467 0.217640743 0.000811233 0.976028562 9.741316795
0.978670716 0.018661309 -0.204585910 -76.047843933 -0.018208971 0.999825776 0.004093485 0.746939182 0.204626650 -0.000280875 0.978840053 10.386628151
0.981320500 0.017280880 -0.191602275 -76.168678284 -0.016845018 0.999850452 0.003903576 0.738906145 0.191641107 -0.000603115 0.981464803 11.048407555
0.983914971 0.016627233 -0.177861899 -76.287086487 -0.016340706 0.999861717 0.003075816 0.739111781 0.177888468 -0.000119952 0.984050572 11.727102280
0.986478567 0.018215755 -0.162874535 -76.410354614 -0.017868275 0.999833822 0.003598219 0.735663056 0.162913010 -0.000639280 0.986640215 12.430602074
0.988654017 0.019572066 -0.148929015 -76.512962341 -0.019229626 0.999808073 0.003739090 0.735994041 0.148973584 -0.000832817 0.988840818 13.142297745
0.990483046 0.019920593 -0.136184722 -76.611038208 -0.019940071 0.999800384 0.001221219 0.722918689 0.136181846 0.001505936 0.990682721 13.859870911
0.991941631 0.020055272 -0.125097945 -76.704788208 -0.020684469 0.999779046 -0.003732658 0.708975792 0.124995410 0.006290163 0.992137313 14.595559120
0.993119061 0.019877492 -0.115409046 -76.789871216 -0.021161214 0.999726951 -0.009908614 0.691845953 0.115180545 0.012282629 0.993268609 15.331878662
0.993997514 0.018076478 -0.107899427 -76.872184753 -0.019260686 0.999765038 -0.009943009 0.680830717 0.107694350 0.011961545 0.994112074 16.102281570
0.994717062 0.019802447 -0.100725472 -76.958808899 -0.020274799 0.999787748 -0.003667860 0.667922914 0.100631453 0.005690672 0.994907558 16.869543076
0.995135307 0.024744025 -0.095359378 -77.043785095 -0.024428608 0.999691546 0.004473862 0.651349247 0.095440671 -0.002122602 0.995432913 17.634510040
0.995464742 0.025067931 -0.091768399 -77.105392456 -0.024421405 0.999668479 0.008161543 0.640786409 0.091942556 -0.005883418 0.995747030 18.393751144
0.995856702 0.023925135 -0.087732263 -77.190292358 -0.023358567 0.999699175 0.007479022 0.630919635 0.087884806 -0.005398734 0.996116102 19.164178848
0.996128201 0.023296217 -0.084769264 -77.260826111 -0.022898957 0.999721766 0.005655805 0.631578326 0.084877439 -0.003692781 0.996384621 19.943996429
0.996383965 0.023523714 -0.081643291 -77.340728760 -0.022897230 0.999700785 0.008601366 0.607669532 0.081821203 -0.006700858 0.996624470 20.743486404
0.996637344 0.021329828 -0.079114974 -77.399909973 -0.020519193 0.999728441 0.011045214 0.601684630 0.079329081 -0.009384697 0.996804297 21.515645981
0.996925950 0.019077953 -0.075991645 -77.458129883 -0.018146111 0.999751627 0.012934138 0.592519522 0.076219521 -0.011515425 0.997024596 22.279693604
0.997141182 0.018702062 -0.073210075 -77.513626099 -0.018062474 0.999792695 0.009388728 0.584370494 0.073370486 -0.008039531 0.997272372 23.037242889
0.997185409 0.021492606 -0.071828492 -77.573036194 -0.021401234 0.999768853 0.002041532 0.573098302 0.071855761 -0.000498567 0.997414887 23.793647766
0.997281492 0.022330958 -0.070219889 -77.638557434 -0.022777895 0.999724984 -0.005570471 0.564531982 0.070076182 0.007154790 0.997515976 24.548452377
0.997353971 0.022990514 -0.068967119 -77.694618225 -0.023733435 0.999668658 -0.009972051 0.554674029 0.068715006 0.011582493 0.997569084 25.305616379
0.997458458 0.025025783 -0.066710390 -77.755798340 -0.025630044 0.999637663 -0.008217420 0.535085201 0.066480570 0.009906325 0.997738540 26.071798325
0.997550011 0.028382773 -0.063940197 -77.818481445 -0.028707756 0.999579132 -0.004169505 0.516530931 0.063794941 0.005994870 0.997945011 26.823055267
0.997600138 0.031140594 -0.061840348 -77.870773315 -0.031129491 0.999514639 0.001143224 0.501693130 0.061845932 0.000784578 0.998085439 27.588619232
0.997827232 0.029006578 -0.059155595 -77.920852661 -0.028896021 0.999578714 0.002723665 0.491976649 0.059209686 -0.001008386 0.998245060 28.349481583
0.997979164 0.026277328 -0.057853512 -77.968414307 -0.026154939 0.999653757 0.002871823 0.477354735 0.057908956 -0.001352865 0.998321056 29.112701416
0.998106003 0.023940187 -0.056666844 -78.012153625 -0.023815366 0.999712169 0.002877053 0.464040220 0.056719415 -0.001522063 0.998389065 29.863515854
0.998152614 0.023645272 -0.055965271 -78.053047180 -0.023642134 0.999720216 0.000718214 0.457590133 0.055966586 0.000606251 0.998432398 30.609487534
0.998228192 0.021552909 -0.055459768 -78.093032837 -0.021611508 0.999766350 -0.000457061 0.446929276 0.055436958 0.001654820 0.998460770 31.365325928
0.998294532 0.020019092 -0.054838289 -78.134819031 -0.020080488 0.999798238 -0.000568868 0.437245309 0.054815829 0.001669078 0.998495042 32.125511169
0.998267829 0.024226818 -0.053614117 -78.194702148 -0.024236443 0.999706149 0.000470720 0.425563902 0.053609766 0.000829511 0.998561561 32.904666901
0.998275876 0.024099857 -0.053520501 -78.235847473 -0.024138924 0.999708593 -0.000083455 0.411933035 0.053502891 0.001375239 0.998566747 33.679347992
0.998195469 0.023629541 -0.055203758 -78.279838562 -0.023674699 0.999719679 -0.000164140 0.399688572 0.055184405 0.001470776 0.998475075 34.455951691
0.998143315 0.021364430 -0.057039503 -78.330688477 -0.021376563 0.999771357 0.000397470 0.389239967 0.057034951 0.000822577 0.998371840 35.242919922
0.997935414 0.022693316 -0.060082193 -78.390716553 -0.022734100 0.999741554 0.000004721 0.382386297 0.060066774 0.001361203 0.998193383 36.043502808
0.997672379 0.026605586 -0.062785663 -78.449676514 -0.026634654 0.999645114 0.000374096 0.358490199 0.062773332 0.001299049 0.998026967 36.836585999
0.997470677 0.027817272 -0.065409221 -78.509765625 -0.028204581 0.999589622 -0.005005155 0.355729789 0.065243147 0.006837336 0.997845948 37.613536835
0.997298479 0.028655972 -0.067635939 -78.577018738 -0.029305529 0.999533236 -0.008630962 0.346447229 0.067357048 0.010589752 0.997672737 38.420394897
0.997169316 0.027726190 -0.069889732 -78.634071350 -0.028491106 0.999544203 -0.009971428 0.329775512 0.069581419 0.011934439 0.997504830 39.228965759
0.997009158 0.027789490 -0.072115012 -78.701332092 -0.028460380 0.999560475 -0.008292053 0.308720827 0.071852885 0.010319673 0.997361839 40.061813354
0.996883810 0.026517550 -0.074292250 -78.770065308 -0.027149431 0.999603152 -0.007508220 0.291513771 0.074063666 0.009501816 0.997208238 40.886760712
0.996792138 0.025757873 -0.075775832 -78.836898804 -0.026290299 0.999636233 -0.006037163 0.280017376 0.075592756 0.008009966 0.997106552 41.707096100
0.996743858 0.025227886 -0.076584920 -78.909729004 -0.025489571 0.999672055 -0.002441271 0.266970545 0.076498218 0.004385438 0.997060061 42.545162201
0.996657491 0.024801509 -0.077837840 -78.973999023 -0.024674729 0.999692142 0.002590237 0.254655391 0.077878110 -0.000660949 0.996962667 43.389324188
0.996742189 0.025236767 -0.076604292 -79.049125671 -0.024938527 0.999677300 0.004847435 0.240102842 0.076701909 -0.002921244 0.997049749 44.235710144
0.996783137 0.028698584 -0.074830867 -79.129173279 -0.028412949 0.999584317 0.004879072 0.233299568 0.074939772 -0.002737211 0.997184336 45.113441467
0.996950686 0.028547779 -0.072624750 -79.196876526 -0.028384624 0.999591708 0.003277831 0.229141146 0.072688684 -0.001206410 0.997353971 45.974258423
0.997127295 0.026253738 -0.071048759 -79.263221741 -0.026259504 0.999654830 0.000853051 0.219513997 0.071046628 0.001015105 0.997472525 46.840770721
0.997300506 0.022702886 -0.069829710 -79.318222046 -0.022782039 0.999740362 -0.000337154 0.200307101 0.069803923 0.001927107 0.997558892 47.699550629
0.997483432 0.021437800 -0.067580596 -79.383331299 -0.021558134 0.999767065 -0.001051773 0.195296466 0.067542300 0.002506038 0.997713268 48.575183868
0.997589946 0.019326381 -0.066637829 -79.443725586 -0.019251453 0.999813080 0.001766410 0.178147942 0.066659525 -0.000479278 0.997775674 49.443111420
0.997691214 0.016523851 -0.065871328 -79.503204346 -0.016270412 0.999857962 0.004382132 0.165890113 0.065934382 -0.003300261 0.997818530 50.315208435
0.997759581 0.015995625 -0.064963430 -79.564453125 -0.015738809 0.999866188 0.004463176 0.155649871 0.065026127 -0.003430730 0.997877598 51.224159241
0.997820020 0.017520538 -0.063626125 -79.625709534 -0.017471956 0.999846518 0.001319937 0.140336409 0.063639469 -0.000205387 0.997972906 52.092227936
0.997819781 0.020016672 -0.062889062 -79.695404053 -0.020320944 0.999784648 -0.004202251 0.121806107 0.062791400 0.005471054 0.998011649 52.955951691
0.997840405 0.021483675 -0.062073804 -79.750656128 -0.022144286 0.999705076 -0.009974025 0.106800973 0.061841220 0.011327065 0.998021781 53.825263977
0.997792304 0.026718289 -0.060799725 -79.825004578 -0.027707471 0.999496162 -0.015484844 0.078453436 0.060355354 0.017135264 0.998029888 54.686161041
0.997842133 0.027640393 -0.059558593 -79.887634277 -0.028658349 0.999456346 -0.016305555 0.049382858 0.059075516 0.017977219 0.998091698 55.540649414
0.997929931 0.023386395 -0.059907649 -79.933723450 -0.024036752 0.999659359 -0.010158333 0.032231707 0.059649672 0.011577290 0.998152196 56.388938904
0.997903526 0.023206709 -0.060415149 -79.990463257 -0.023316989 0.999727428 -0.001120930 0.010668140 0.060372669 0.002527277 0.998172700 57.247364044
0.997854888 0.021966100 -0.061669420 -80.045288086 -0.021592336 0.999744177 0.006720773 -0.009348316 0.061801288 -0.005374769 0.998073995 58.100784302
0.997767508 0.019393709 -0.063905656 -80.105819702 -0.019150635 0.999806881 0.004414040 -0.020914972 0.063978925 -0.003180351 0.997946203 58.931926727
0.997738957 0.014833077 -0.065549999 -80.164710999 -0.014823151 0.999889851 0.000637839 -0.032400012 0.065552242 0.000335262 0.997849107 59.781707764
0.997591615 0.013172655 -0.068099737 -80.226608276 -0.013229003 0.999912441 -0.000376504 -0.052082162 0.068088830 0.001276489 0.997678459 60.600742340
0.997370601 0.015086714 -0.070883311 -80.291236877 -0.015311707 0.999879301 -0.002631825 -0.068933748 0.070835069 0.003710249 0.997481167 61.423740387
0.997127652 0.016809408 -0.073851570 -80.365905762 -0.017290421 0.999833286 -0.005878688 -0.088871911 0.073740430 0.007138727 0.997251928 62.239727020
0.996807754 0.017788833 -0.077833205 -80.439971924 -0.018569497 0.999784112 -0.009317652 -0.105445348 0.077650651 0.010733231 0.996922851 63.052288055
0.996533155 0.020106791 -0.080731355 -80.515075684 -0.021238187 0.999687552 -0.013180075 -0.132451877 0.080441125 0.014848968 0.996648729 63.856899261
0.996158004 0.024386443 -0.084110327 -80.599052429 -0.025578259 0.999586701 -0.013121164 -0.154932454 0.083755597 0.015222149 0.996370018 64.654624939
0.995751202 0.027948122 -0.087741166 -80.679458618 -0.029042743 0.999515116 -0.011223621 -0.174812123 0.087384939 0.013724179 0.996080041 65.458877563
0.995341003 0.031049376 -0.091281444 -80.768096924 -0.031660106 0.999484837 -0.005249890 -0.196688682 0.091071427 0.008115411 0.995811224 66.260002136
0.994939089 0.031578675 -0.095389538 -80.852676392 -0.031681508 0.999497950 0.000436652 -0.215189174 0.095355421 0.002587642 0.995439887 67.073417664
0.994491458 0.030534707 -0.100271136 -80.938743591 -0.030283909 0.999533176 0.004022687 -0.229812369 0.100347169 -0.000963925 0.994951963 67.874275208
0.993845940 0.029981393 -0.106635787 -81.029747009 -0.029582728 0.999548137 0.005318702 -0.241724953 0.106747061 -0.002131393 0.994283915 68.663619995
0.993309438 0.027973268 -0.112043835 -81.126808167 -0.027161872 0.999592662 0.008761974 -0.250373095 0.112243295 -0.005660031 0.993664622 69.442596436
0.992471933 0.028864089 -0.119022325 -81.218505859 -0.028041037 0.999569833 0.008584368 -0.260390997 0.119218931 -0.005182235 0.992854476 70.229293823
0.991586268 0.033650685 -0.124997154 -81.329444885 -0.032935601 0.999427199 0.007783558 -0.269260287 0.125187501 -0.003601213 0.992126584 71.000991821
0.990818620 0.035833959 -0.130362406 -81.451095581 -0.035573985 0.999357641 0.004323125 -0.279269069 0.130433604 0.000354080 0.991456985 71.763526917
0.990009308 0.034741517 -0.136654809 -81.557540894 -0.034890141 0.999390304 0.001308170 -0.284949809 0.136616930 0.003472805 0.990617752 72.517707825
0.989204943 0.036110897 -0.142019540 -81.675384521 -0.036419969 0.999336481 0.000423369 -0.299039841 0.141940579 0.004753548 0.989863694 73.282600403
0.988488317 0.038017608 -0.146442771 -81.801040649 -0.037619360 0.999276996 0.005488978 -0.305848598 0.146545544 0.000083293 0.989203870 74.054374695
0.987560689 0.038552687 -0.152438775 -81.929016113 -0.037536681 0.999249756 0.009538354 -0.314175367 0.152692124 -0.003697658 0.988266885 74.820350647
0.986599803 0.037954330 -0.158682868 -82.056625366 -0.036501866 0.999260843 0.012058881 -0.329730958 0.159023255 -0.006105068 0.987255991 75.578109741
0.985531986 0.035579465 -0.165713117 -82.191154480 -0.034720600 0.999364376 0.008077767 -0.333571613 0.165895209 -0.002207237 0.986140907 76.329383850
0.984147310 0.033070818 -0.174242154 -82.333007812 -0.033432893 0.999440670 0.000857545 -0.337487519 0.174173057 0.004981468 0.984702468 77.078590393
0.982542992 0.030531485 -0.183513060 -82.467872620 -0.031155610 0.999514401 -0.000518052 -0.349521399 0.183408141 0.006226470 0.983017147 77.800483704
0.980561912 0.029861728 -0.193923965 -82.625205994 -0.029954631 0.999548256 0.002453889 -0.359393001 0.193909660 0.003402730 0.981013477 78.542266846
0.978329778 0.030240107 -0.204832330 -82.789924622 -0.029060921 0.999539137 0.008763327 -0.366095006 0.205002934 -0.002620810 0.978757918 79.283027649
0.975722015 0.031723522 -0.216702923 -82.967826843 -0.028870368 0.999449909 0.016320122 -0.366656661 0.217101455 -0.009667610 0.976101220 80.014251709
0.973100126 0.032616712 -0.228062123 -83.135238647 -0.028801486 0.999384284 0.020037968 -0.374985248 0.228575289 -0.012930419 0.973440349 80.736602783
0.970184028 0.035841055 -0.239704877 -83.327232361 -0.033097081 0.999332488 0.015464317 -0.379601836 0.240099117 -0.007069703 0.970722616 81.449394226
0.967168629 0.035732951 -0.251610756 -83.529914856 -0.035271723 0.999357700 0.006344297 -0.382122189 0.251675785 0.002738738 0.967807710 82.154212952
0.963960171 0.033417717 -0.263939619 -83.735290527 -0.034160282 0.999414742 0.001776979 -0.382757396 0.263844579 0.007303312 0.964537561 82.860076904
0.960731268 0.032977186 -0.275514066 -83.951347351 -0.032368943 0.999453187 0.006755721 -0.388466328 0.275586188 0.002427665 0.961273313 83.577941895
0.957362115 0.033358619 -0.286958098 -84.169548035 -0.030590115 0.999432087 0.014127010 -0.395806253 0.287266403 -0.004746581 0.957838953 84.295989990
0.953763664 0.033289563 -0.298708290 -84.406295776 -0.028843420 0.999397874 0.019282097 -0.395479769 0.299170345 -0.009774794 0.954149663 85.011260986
0.949698567 0.030779231 -0.311649233 -84.643234253 -0.026569016 0.999489427 0.017747406 -0.399079204 0.312036395 -0.008574472 0.950031459 85.717231750
0.945939481 0.028662648 -0.323074073 -84.888221741 -0.025630929 0.999578476 0.013635441 -0.401725531 0.323328733 -0.004617611 0.946275473 86.414627075
0.943204761 0.024606382 -0.331299216 -85.161331177 -0.023541879 0.999696791 0.007226417 -0.410775185 0.331376612 0.000983416 0.943498075 87.093879700
0.940241516 0.020476082 -0.339892000 -85.412406921 -0.021311222 0.999772072 0.001276051 -0.419951946 0.339840651 0.006043717 0.940463543 87.826255798
0.937628090 0.020381518 -0.347041667 -85.681434631 -0.021933993 0.999759316 -0.000545528 -0.427658737 0.346947014 0.008123512 0.937849522 88.532157898
0.934602082 0.025634805 -0.354770035 -85.969276428 -0.027566496 0.999619901 -0.000390791 -0.441567272 0.354625165 0.010144999 0.934953511 89.237037659
0.931534946 0.026058480 -0.362716794 -86.248199463 -0.027208772 0.999627888 0.001937766 -0.453649223 0.362632334 0.008063981 0.931897402 89.937728882
0.928533137 0.026685167 -0.370289207 -86.535507202 -0.025343971 0.999642730 0.008487733 -0.452762812 0.370383412 0.001503457 0.928877771 90.641769409
0.925751686 0.028324556 -0.377069563 -86.825157166 -0.023837756 0.999578595 0.016561341 -0.453843027 0.377379775 -0.006343200 0.926036835 91.352203369
0.923141479 0.038531378 -0.382524610 -87.143432617 -0.031934559 0.999211669 0.023582498 -0.461691082 0.383131742 -0.009554228 0.923644304 92.055938721
0.920398116 0.045160942 -0.388365358 -87.456626892 -0.040295009 0.998973966 0.020669075 -0.461119711 0.388900340 -0.003374593 0.921273649 92.749916077
0.918010712 0.041766133 -0.394349933 -87.743026733 -0.039659467 0.999122083 0.013494735 -0.464400381 0.394567341 0.003251399 0.918861330 93.414352417
0.916230023 0.034200855 -0.399190277 -88.060691833 -0.034912322 0.999375284 0.005490537 -0.456992149 0.399128616 0.008906066 0.916851699 94.137733459
0.914582729 0.034462240 -0.402927816 -88.374801636 -0.035515886 0.999357224 0.004859145 -0.457892507 0.402836263 0.009866247 0.915218890 94.831367493
0.912390351 0.040639360 -0.407298893 -88.711112976 -0.039992355 0.999148846 0.010105947 -0.462488294 0.407362938 0.007068270 0.913239002 95.532432556
0.909956872 0.043593369 -0.412405163 -89.036140442 -0.041082121 0.999043822 0.014957918 -0.471986502 0.412662923 0.003331420 0.910877764 96.228424072
0.907735825 0.039934043 -0.417637289 -89.347129822 -0.037922375 0.999194562 0.013117566 -0.481569231 0.417824745 0.003930512 0.908519149 96.904403687
0.905483484 0.038237780 -0.422655374 -89.691810608 -0.039128907 0.999212563 0.006570566 -0.481723309 0.422573775 0.010588505 0.906266630 97.624992371
0.903263927 0.035562150 -0.427609175 -90.025329590 -0.039308593 0.999227047 0.000066949 -0.486741364 0.427280992 0.016748240 0.903963745 98.316917419
